26,46,44,33,77,41,39,95,47,83,75,54,88,59,74
63,61,11,79,26,44,32,33,77
72,92,16,48,98
48,82,59,85,55
66,84,76,33,79,75,92,41,44,46,35
63,69,61,55,67,36,11,84,76,22,26,46,44,32,33,27,77
33,77,17,32,24,26,11,61,43,79,46,76,84,22,12,41,96,27,55,67,36,44,39
11,17,84,76,79,26,43,66,46,44,32,33,77,41,24,95,47,83,87
27,77,41,24,39,35,95,72,83,87,75,92,54,88,74,31,99,85,48,78,82
87,75,54,88,59,74,31,99,48,78,97,56,63,45,69,12,61,55,67
46,17,66,76,77,67,26,35,61,96,22,44,11,24,27
39,35,72,83,87,75,92,59,74,31,99,85,48,78,82,98,63
24,27,17,76,79,44,26,32,35
98,88,63,45,56,72,78,85,82,12,69,59,87,54,47,75,31,83,48,16,74,99,92
67,17,84,76,22,79,43,46,32,33,24,35,47
78,27,33,24,85,74,92,54,75,95,48,99,39
95,47,72,83,87,75,92,54,88,74,31,16,99,85,48,98,97,56,63,45,69
83,16,77,35,59,31,46,27,74,92,39,66,87,54,41,33,75,44,95
72,33,39,88,54,26,27,24,41,22,92,35,46,87,44,83,43,77,75,32,79,95,66
79,36,41,46,44,72,35,27,17
84,26,66,32,33,35,95,72,92
31,16,45,69,61,12,74,17,82,85,11,88,48,98,67,63,99,56,96,78,36
78,87,16,95,35,45,85
61,55,67,36,96,11,17,84,76,26,43,66,46,33,27,77,41,24,39
56,78,99,69,47,16,98,92,72,83,75,74,82,45,31,85,63,12,48
54,59,95,31,92,87,16
72,87,24,92,59,95,47,75,88,41,99,82,16,85,39
17,22,26,84,67,55,36,11,61,79,69,97,76
77,26,11,32,43,66,63,33,44,67,76
77,85,47,99,44,31,95,27,87,35,54,16,74,39,83,59,41,32,24
47,72,83,87,75,92,54,59,74,85,48,78,82,98,97,56,63,69,12
74,31,48,78,98,56,45,69,61,11,84
26,11,97,56,67,66,69,32,17,43,55,36,33,22,79,76,96,61,45,44,12,84,63
72,83,77,92,27,75,41,35,44,33,54,43,46,79,26,47,22,66,24
95,41,44,59,66,88,35,77,27,79,43,72,26,47,92,46,54,33,83
45,69,12,55,67,36,96,11,17,84,76,22,26,43,66,46,44,32,27,77,41
48,98,56,69,36,76,79,43,66
84,77,35,83,44,39,66,75,72,27,79,26,17,24,43,76,87,22,46,47,95,32,33
69,74,92,98,59,63,99,83,72,45,47,95,54,87,48
92,56,96,59,74,69,85,99,98
11,84,76,26,43,66,46,44,32,33,27,77,41,24,39,35,95,83,87
97,67,11,76,79,43,66,32,33
66,44,27,77,24,39,35,95,72,83,75,88,74,31,16
36,11,76,43,44
88,97,63,98,56,87,75,99,59,35,48,92,95,83,78,54,47
76,77,32,55,27,79,46,66,17,12,69,43,45,84,44,41,33
77,41,27,92,99,75,24,44,46,59,32
76,24,12,32,96,79,77,36,84
77,24,35,72,83,87,75,92,88,59,31,16,85,82,98
67,77,39,22,84,47,46,41,44,26,95,35,27,76,66,11,79,96,33,24,43
69,12,61,36,96,84,76,22,79,26,43,46,33,41,24
46,96,78,22,26,11,76
47,72,92,88,59,74,16,78,82,98,56,63,12
75,92,54,59,74,31,99,85,48,56,63,69,12,67,36
43,54,44,35,77,26,92,76,47
87,92,54,88,59,74,31,16,99,85,48,78,82,98,56,63,45,69,12,61,55
36,11,17,24,66,32,84,61,77
33,24,22,35,47,83,76,77,92,66,54,44,75,32,41,26,46,87,79
63,36,96,11,17,26,46,44,77
87,92,47,75,32,27,16,33,39,44,41,72,88,46,77,59,95,54,99,35,24
22,26,43,66,46,32,33,27,95,83,75,54,88
76,96,82,97,98,61,44
84,82,17,99,67,48,11,85,12,22,69,96,55
46,32,41,39,95,75,54,16,99
87,92,16,99,78,98,56
45,61,74,12,11,76,67
46,27,32,77,92,88,47,31,99
63,85,26,97,82,36,17,56,48,22,45,99,61,84,78
41,48,95,77,82,31,74,85,72,88,35,99,27,39,78,24,92
61,87,92,55,31,69,67,56,88,16,48,97,74,54,63
44,32,27,77,41,24,35,95,47,72,83,87,75,54,88,59,74,31,16,99,85
79,66,46,32,27
54,56,97,83,95,24,82,31,85,88,35,16,92
26,17,45,12,43,96,48
99,48,82,56,63,45,69,61,55,67,17,76,79
66,16,72,27,88,77,44
98,97,56,63,45,12,61,55,36,96,11,17,22,79,26,66,46,44,32
39,35,95,47,72,83,87,75,92,54,88,59,74,31,99,85,48,78,82,98,97,56,63
56,69,85,67,11,43,96,17,55,76,26,84,45
54,59,16,99,78,82,11
63,84,61,97,11,79,16,67,99,82,96,22,76,56,36
39,59,72,33,83,95,48,74,87,16,41,54,77,85,35,92,47,78,31,88,99
98,97,56,12,61,36,96,11,17,84,22,79,26,43,46,44,32
84,76,22,79,26,43,32,27,77,41,47,72,92
69,12,61,55,96,11,17,84,22,79,26,43,66,46,44,32,33,27,77,41,24
79,82,66,48,76,22,17,55,45,67,36,63,43,98,11,61,78
54,88,59,74,31,16,99,85,48,78,82,98,97,63,45,69,12,61,55,67,36,96,11
45,61,97,99,72,74,12
95,47,72,54,88,59,31,16,99,85,48,98,97,56,69
83,87,75,92,54,88,59,74,31,16,99,85,48,82,98,97,63,45,69,12,55
56,98,31,54,16,83,48,35,92,24,95,78,87
82,98,97,45,12,61,55,67,36,96,11,17,84,76,22,79,43,66,44
79,26,43,46,33,27,77,41,24,39,95,47,83,87,75,88,59
78,16,97,56,61,67,11,48,99,22,31,82,17,69,96
56,98,69,63,78,55,31,16,83
46,76,79,44,77,55,84,36,26,33,12,39,43,67,17
26,92,41,83,87,75,35,43,46,88,32,33,44,47,77,24,27,72,39,95,59
85,96,97,74,48,11,55,69,36,31,59,63,82,16,45,17,99,67,61,12,98
46,66,92,33,39,27,47,44,72
11,99,67,55,63,97,48,69,74
88,32,75,41,72,74,33,44,39,31,95,47,54,87,83,16,59
72,83,92,48,98,97,61
31,69,12,36,98,97,85,11,61,48,82
77,59,27,26,32,24,92,83,35,87,66,39,41,46,74,88,54,95,44
82,56,69,36,11
55,56,74,96,45
46,17,69,32,76,97,43,33,22
36,96,17,84,76,22,79,26,46,44,32,27,77,41,24,39,35,47,72
69,55,26,66,77,41,24
98,75,78,95,16,35,87,88,47,99,39,82,48,56,63,59,92,97,31,83,54
36,17,85,59,55,78,12,56,96,11,84,67,63,61,74,45,99,31,97
99,97,87,82,16,63,88,12,74,98,56,45,92,69,75,78,59,55,61,54,67,31,48
79,67,55,11,63,46,17,69,43,44,26,97,45,61,76,36,98
17,36,84,16,74,12,67,11,76,78,96,97,82,61,45
11,66,96,79,67,35,39,22,84,33,76,55,43,27,61,44,24,36,32
27,72,78,77,33,85,39
27,17,32,67,36,33,69,43,12,61,66,24,11,77,96
78,56,31,82,39,74,92
78,82,98,97,36,84,46
31,99,78,12,96,11,17,84,22
77,35,95,54,83,87,43,41,72,39,92,22,79,44,66,26,46
66,24,84,27,61
43,77,33,54,95,88,46,26,75,92,32,74,66,24,47,72,83,59,35,44,41
27,77,41,24,39,35,95,47,72,83,87,75,92,54,88,59,31,16,99,85,48,78,82
88,59,74,31,16,99,48,82,98,56,63,45,69,12,61,67,96,11,17
85,88,36,75,56,98,82,45,59,78,54,74,92,16,67
95,76,24,55,84,27,77,33,26,35,67,44,11,17,43
97,22,11,78,84,69,26,85,82,55,98,17,48,12,36,61,76,96,43,56,45,67,79
78,97,56,45,69,61,67,96,17,76,22,79,46
59,97,31,61,98,88,74,54,85,55,48,12,83,87,16,99,78,75,45
24,39,35,95,47,72,83,87,75,92,54,88,59,74,31,16,99,48,78,82,98,97,56
43,66,46,44,32,27,77,41,24,39,35,95,47,72,83,87,92,88,59,74,31
82,98,97,56,63,45,61,55,67,36,96,11,17,84,76,22,26,43,66,46,44
88,54,27,83,41
69,75,31,47,56,45,95
11,84,22,66,27
59,16,99,48,82,98,97,56,63,69,12,61,55,67,96,17,84
31,98,39,16,78,24,85,72,87,56,48,95,99
32,33,27,35,72,87,54,74,31
43,33,27,24,39,72,31
87,74,47,16,54,72,45,56,97,82,31,75,83,59,35,48,98,92,63
61,55,67,36,96,11,17,76,22,79,26,43,66,46,44,32,33,27,77,41,24,39,35
33,84,72,79,24,95,41,36,27
41,24,35,95,47,87,92,54,88,59,31,16,99,85,82
97,56,45,79,76,16,36,17,61,11,22
82,45,97,98,16,61,67,54,88,48,63,78,74,12,99,96,31,85,11
17,22,66,44,77,41,35,95,75
96,17,84,76,22,79,43,46,44,32,27,77,41,24,39,35,95,47,83
85,98,56,11,45,96,78,63,69,31,22,67,36
72,16,99,24,27,87,41,47,39,54,75,44,92,77,33,74,31,59,88,32,46,35,95
26,43,32,33,27,39,72,54,88,59,74
69,61,55,67,96,11,84,22,79,66,46,32,33
88,48,75,59,31,54,56,82,74,92,45,78,12,55,87
74,31,16,99,85,48,78,82,98,97,56,63,45,69,12,61,55,67,96,11,17,84,76
11,43,78,46,61,55,96
72,83,92,54,88,74,31,16,85,48,78,98,63,69,61
76,41,33,36,11,77,24,39,84,66,61,27,67,55,17,22,35,44,32,79,26
48,11,82,96,97,45,16
32,33,27,35,47,72,83,92,54,88,74,31,99,85,48
48,82,98,56,63,45,69,61,67,96,76,79,26,43,66
66,41,33,32,27,36,96,43,11,79,24,17,95,46,84,44,35,76,39,67,47
54,74,85,78,97
39,35,95,47,72,83,87,75,54,88,59,74,31,16,99,85,48,78,82,98,97,56,63
88,31,16,48,78,98,97,63,12,61,36,96,17
47,31,39,43,54,77,66,35,44,59,72,92,24,32,95,88,33,27,46
11,17,84,26,66,46,44,32,33,27,41,24,39,47,72,83,87
82,97,55,17,84,43,44
67,82,99,87,63,61,88,55,48,69,45
67,69,84,24,55,41,11
75,16,45,12,55,67,36
74,31,48,97,12,96,17,84,76
83,72,66,24,46,96,17,35,79,22,43,44,32
35,95,47,72,83,92,54,88,74,85,78,97,56,63,45
46,77,87,39,35,22,47,95,33,44,92
75,41,59,74,43,95,24,72,26,77,32,44,66
36,96,84,79,26,66,46,32,33,27,77,41,39,35,95,47,72
35,87,33,46,22,92,88,79,47,41,24,44,32,72,54,43,27,83,39,95,66
36,11,17,26,41
84,76,22,79,43,33,27,77,24,35,95,75,92
11,79,66,27,39,95,87
39,24,32,26,12,17,44
84,43,83,35,41,76,22,32,46,27,79,87,92,47,24
61,43,22,84,67,36,46,78,63,12,11,96,17
77,41,24,39,95,83,87,54,74,31,48,82,98
59,98,78,75,97,63,45,61,88,72,99,82,69
78,67,55,74,63,56,31,36,92,12,45
63,45,67,96,26,43,66,44,77
96,36,77,22,76,61,27,12,55,39,33,79,26,84,32,43,67
82,98,69,16,75,85,78,67,87,12,63,56,99
82,96,54,63,69,99,55,74,11
95,47,72,83,87,92,54,88,59,74,31,16,99,48,97,63,69
11,84,22,79,26,66,46,44,32,33,27,77,41,24,39,35,95,47,72,83,87
41,92,99,31,82,72,24,98,88,48,16,47,78,74,59,95,97,75,85,35,87
72,83,75,92,54,59,74,31,16,85,48,82,98,97,63,45,69,12,61